2 0.424805754846496
3 0.589941928015248
4 0.691455536439348
5 0.760356670198706
6 0.809806366510492
7 0.846720117344383
8 0.875094094558841
9 0.897544751697316
10 0.915771345693117
11 0.930777978643078
12 0.943350035922668
13 0.954025427649961
14 0.963200304582878
15 0.971169274255512
16 0.978155172224330
17 0.984329404393854
18 0.989825906748142
19 0.994750768309291
20 0.999189067233281
21 1.003209803487242
22 1.006869513547676
23 1.010214955617655
24 1.013285133603618
25 1.016112838775121
26 1.018725839424429
27 1.021147807279816
28 1.023399047178554
29 1.025497075026715
30 1.027457082329537
31 1.029292309638104
32 1.031014350407449
33 1.032633400535435
34 1.034158462799811
35 1.035597517098479
36 1.036957661616454
