2 2.124028774232479
3 3.061666386935069
4 3.625014481345870
5 4.010337724445693
6 4.290075018474302
7 4.502338856689341
8 4.668871035870823
9 4.802951480297985
10 4.913168115339856
11 5.005325302983781
12 5.083487449732280
13 5.150585685069625
14 5.208787275071827
15 5.259729241821719
16 5.304671149682847
17 5.344597912299661
18 5.380290735956204
19 5.412377156164415
20 5.441367011286522
21 5.467678761713668
22 5.491659074967737
23 5.513597537999843
24 5.533737948712767
25 5.552286989381301
26 5.569421019796872
27 5.585291428528709
28 5.600028887319993
29 5.613746725109482
30 5.626543688292657
31 5.638506143190519
32 5.649709910627718
33 5.660221811160423
34 5.670100956429521
35 5.679399836004653
36 5.688165265358335
