2 0.849611509692992
3 1.207873042745200
4 1.424845272665989
5 1.572851933760451
6 1.679880844703673
7 1.760706653774979
8 1.823791027396494
9 1.874307570778383
10 1.915601328108005
11 1.949931197294417
12 1.978875939028316
13 2.003567769125914
14 2.024838621607989
15 2.043317276279756
16 2.059491720921693
17 2.073748549921535
18 2.086398433767148
19 2.097688759197129
20 2.107821630442181
21 2.116961406883843
22 2.125243514304481
23 2.132780724242406
24 2.139667479544367
25 2.145983200353947
26 2.151795173821628
27 2.157160726404846
28 2.162128960018441
29 2.166742141128564
30 2.171036830968860
31 2.175044797165936
32 2.178793760641408
33 2.182308013042705
34 2.185608923368285
35 2.188715358349262
36 2.191644034308822
