2 1.274417264539487
3 1.825804157475156
4 2.158235008892617
5 2.385347197322232
6 2.549945569293789
7 2.674584054746482
8 2.772151030221258
9 2.850522207285048
10 2.914790257398554
11 2.968395947549303
12 3.013747535943262
13 3.052580832453202
14 3.086178517597023
15 3.115508826612368
16 3.141316236506589
17 3.164182398534217
18 3.184567905114821
19 3.202841590508723
20 3.219301908885426
21 3.234193038838008
22 3.247717135620131
23 3.260043556885027
24 3.271315762792566
25 3.281656391683654
26 3.291171047190854
27 3.299950692084156
28 3.308074194117529
29 3.315609926584244
30 3.322617365321054
31 3.329148519831550
32 3.335249052279148
33 3.340959120683252
34 3.346314188091285
35 3.351345668482005
36 3.356081471918033
