2 0.424805754846496
3 0.471422945405392
3 -0.259669581677744
4 -0.254964944115856
4 1.778105011352052
5 1.778550360761810
5 0.835541996134756
5 -6.350026289322340
6 -6.349995674485634
6 -6.344701516536989
6 2.435111650781775
7 2.435113725160527
7 2.436019853017060
7 -0.947065066079990
7 -22.968573896967893
8 -22.968573938429380
8 -22.968426989352228
8 -22.963303822629598
8 -1.154217667733871
9 -1.154217695151297
9 -1.154196613809755
9 -1.152777802608868
9 -8.635075647695260
9 -55.351032966430594
10 -55.351032971904807
10 -55.351030201646381
10 -55.350666283793373
10 -55.346170374983956
10 -13.619859409915946
11 -13.619859410677291
11 -13.619859113340727
11 -13.619770146558610
11 -13.618089451477916
11 -26.973871049164671
11 -108.989931312812530
12 -108.989931312904076
12 -108.989931293930582
12 -108.989910338276559
12 -108.989319552900326
12 -108.985640290286241
12 -40.087680480704975
13 -40.087680480712258
13 -40.087680482619021
13 -40.087675690716658
13 -40.087476535124544
13 -40.085785426691437
13 -61.162283754993858
13 -189.543572433272033
14 -189.543572433272374
14 -189.543572434365387
14 -189.543571364201682
14 -189.543506219367941
14 -189.542769031342402
14 -189.539850958303020
14 -85.973531531114190
15 -85.973531531115526
15 -85.973531531409137
15 -85.973531296822188
15 -85.973510453328515
15 -85.973201179371927
15 -85.971648878249596
15 -116.666762468047637
15 -302.789956375749398
16 -302.789956375749114
16 -302.789956375808913
16 -302.789956325134085
16 -302.789949764054882
16 -302.789823658038131
16 -302.789035454757254
16 -302.786737412982745
16 -156.882965941509326
17 -156.882965941510264
17 -156.882965941525640
17 -156.882965930701431
17 -156.882963890142634
17 -156.882913571831381
17 -156.882527067681480
17 -156.881167095753909
17 -199.129681545919908
17 -454.596740099556200
18 -454.596740099553926
18 -454.596740099552733
18 -454.596740097270697
18 -454.596739468256203
18 -454.596719723317278
18 -454.596535208394585
18 -454.595762790838137
18 -454.593948719086427
18 -258.555272944633032
19 -258.555272944637238
19 -258.555272944644003
19 -258.555272944165267
19 -258.555272751515247
19 -258.555265104248747
19 -258.555178850673087
19 -258.554753804550501
19 -258.553590672645328
19 -314.318333640118226
19 -650.901607028350327
20 -650.901607028347598
20 -650.901607028338390
20 -650.901607028232320
20 -650.901606969518298
20 -650.901604038139567
20 -650.901564388985435
20 -650.901336247052086
20 -650.900617182762176
20 -650.899174315677442
20 -396.828831722869154
21 -396.828831722868813
21 -396.828831722874952
21 -396.828831722859491
21 -396.828831705027369
21 -396.828830590631071
21 -396.828812610748912
21 -396.828692579177584
21 -396.828260606307310
21 -396.827276533526458
21 -468.093111949096340
21 -897.698449407324006
22 -897.698449407323665
22 -897.698449407326393
22 -897.698449407316616
22 -897.698449401920470
22 -897.698448981069305
22 -897.698440917912990
22 -897.698378787151910
22 -897.698125180518105
22 -897.697475480186426
22 -897.696316661235414
22 -577.618414618145152
23 -577.618414618145948
23 -577.618414618140264
23 -577.618414618135262
23 -577.618414616507494
23 -577.618414458409234
23 -577.618410875709628
23 -577.618379146358507
23 -577.618233023738298
23 -577.617815091136322
23 -577.616985330975581
23 -666.386554133423829
23 -1201.027296904979721
24 -1201.027296904979039
24 -1201.027296904978357
24 -1201.027296904993818
24 -1201.027296904498826
24 -1201.027296845388719
24 -1201.027295265731937
24 -1201.027279243804060
24 -1201.027196349288261
24 -1201.026933137383139
24 -1201.026356040119481
24 -1201.025415587531825
24 -806.899510069373264
25 -806.899510069374287
25 -806.899510069382927
25 -806.899510069380426
25 -806.899510069219446
25 -806.899510047192962
25 -806.899509355185955
25 -806.899501341700216
25 -806.899454925432565
25 -806.899292032243011
25 -806.898900036132773
25 -806.898199799036547
25 -915.188791677267545
25 -1566.966741151450151
26 -1566.966741151449014
26 -1566.966741151434007
26 -1566.966741151418546
26 -1566.966741151376254
26 -1566.966741143201943
26 -1566.966740841755609
26 -1566.966736866289011
26 -1566.966711161869625
26 -1566.966611820821072
26 -1566.966350693995537
26 -1566.965842790491706
26 -1566.965071578832294
26 -1090.697041602503987
27 -1090.697041602503305
27 -1090.697041602519221
27 -1090.697041602543777
27 -1090.697041602543095
27 -1090.697041599512431
27 -1090.697041468794623
27 -1090.697039510314426
27 -1090.697025410114065
27 -1090.696965575965123
27 -1090.696794438016241
27 -1090.696433888670526
27 -1090.695841051303660
27 -1220.537029061884141
27 -2001.628091460059068
28 -2001.628091460059750
28 -2001.628091460051792
28 -2001.628091460024052
28 -2001.628091460005180
28 -2001.628091458874906
28 -2001.628091402430528
28 -2001.628090443445899
28 -2001.628082771930167
28 -2001.628047115631261
28 -2001.627936490594720
28 -2001.627685098857000
28 -2001.627240035835257
28 -2001.626601264991223
28 -1435.076977461651495
29 -1435.076977461651722
29 -1435.076977461655360
29 -1435.076977461674915
29 -1435.076977461685146
29 -1435.076977461281103
29 -1435.076977436990546
29 -1435.076976969894304
29 -1435.076972825780331
29 -1435.076951772839266
29 -1435.076881102578909
29 -1435.076708456421557
29 -1435.076380843697507
29 -1435.075876669507807
29 -1588.507684836284398
29 -2511.150769907344511
30 -2511.150769907347239
30 -2511.150769907345421
30 -2511.150769907335416
30 -2511.150769907328140
30 -2511.150769907171707
30 -2511.150769896749352
30 -2511.150769670305635
30 -2511.150767445607926
30 -2511.150755114733784
30 -2511.150710426518344
30 -2511.150593383199521
30 -2511.150356188468777
30 -2511.149966702736947
30 -2511.149432633480956
30 -1846.139918742032478
2 0.424805754846496
3 0.471422945405392
3 -0.259669581677744
4 -0.254964944115856
4 1.778105011352052
5 1.778550360761810
5 0.835541996134756
5 -6.350026289322340
2 0.424805754846496
3 0.471422945405392
3 -0.259669581677744
4 -0.254964944115856
4 1.778105011352052
5 1.778550360761810
5 0.835541996134756
5 -6.350026289322340
