2 1.699223019385983
3 2.443735272205114
4 2.891624745119242
5 3.197842460883962
6 3.420010293884013
7 3.588461455718025
8 3.720511033045984
9 3.826736843791400
10 3.913979186369049
11 3.986860625267107
12 4.048617492837311
13 4.101583258761819
14 4.147482896334960
15 4.187619034239910
16 4.222993695540306
17 4.254390207420615
18 4.282429718590802
19 4.307611056703673
20 4.330339380675241
21 4.350947139487330
22 4.369709656132684
23 4.386856794751330
24 4.402581858288340
25 4.417048408696976
26 4.430395655360822
27 4.442742782845055
28 4.454192471925619
29 4.464833758713153
30 4.474744377250940
31 4.483992625542822
32 4.492638864561720
33 4.500736727113306
34 4.508334077323471
35 4.515473693269385
36 4.522193927253837
